image_width: 640
image_height: 480
camera_name: narrow_stereo
camera_matrix:
  rows: 3
  cols: 3
  data: [ 631.93992,    0.     ,  309.08699,
            0.     ,  632.59968,  249.02172,
            0.     ,    0.     ,    1.     ]
camera_model: plumb_bob
distortion_coefficients:
  rows: 1
  cols: 5
  data: [0.037689, -0.103425, -0.010253, -0.001390, 0.000000]
rectification_matrix:
  rows: 3
  cols: 3
  data: [ 1.,  0.,  0.,
          0.,  1.,  0.,
          0.,  0.,  1.]
projection_matrix:
  rows: 3
  cols: 4
  data: [ 636.15942,    0.     ,  308.15256,    0.     ,
            0.     ,  636.20056,  245.82341,    0.     ,
            0.     ,    0.     ,    1.     ,    0.     ]
