# oST version 5.0 parameters


[image]

width
640

height
480

[narrow_stereo]

camera matrix
631.939923 0.000000 309.086987
0.000000 632.599677 249.021717
0.000000 0.000000 1.000000

distortion
0.037689 -0.103425 -0.010253 -0.001390 0.000000

rectification
1.000000 0.000000 0.000000
0.000000 1.000000 0.000000
0.000000 0.000000 1.000000

projection
636.159424 0.000000 308.152556 0.000000
0.000000 636.200562 245.823412 0.000000
0.000000 0.000000 1.000000 0.000000
